%Tire 185/60R14


% Pacejka Magic Formula coeff. 

a0  = 1.6929;			b0  =    1.65		 ;		c0  =  2.2264  ;
a1  = -55.2084;			b1  =   -7.6118 	 ;		c1  = -3.0428  ;
a2  = 1271.28;			b2  = 1122.6  		 ;		c2  = -9.2284  ;
a3  = 1601.8;			b3  =   -7.3600*1e-03;		c3  =  0.500088;
a4  = 6.4946;			b4  =  144.82 		 ;  	c4  = -5.56696 ; 
a5  = 4.7966*1e-03;		b5  =   -7.6614*1e-02;		c5  = -0.25964 ;
a6  =-0.3875;			b6  =   -3.8600*1e-03;		c6  = -1.29724*1e-03;
a7  = 1    ;            b7  =    8.5055*1e-02;		c7  = -0.358348;
a8  = -4.5399*1e-02;	b8  =    7.5719*1e-02;		c8  =  3.74476 ;
a9  = 4.2832*1e-03;		b9  =    2.3655*1e-02;		c9  =-15.1566  ;
a10 = 8.6536*1e-02;     b10 =    2.3655*1e-02;		c10 =  2.1156*1e-03;
a111= -7.9730;										c11 =  3.4600*1e-04;
a112= 0    ;															
a12 = 0    ;										c12 =  9.13952*1e-03;
a13 = 0    ;										c13 =  0.24456 ;
													c14 =  0.100695;
       			                                    c15 = -1.3980  ;
               			                            c16 =  0.44441 ;
                           			                c17 = -0.998344;
                                                                  
                                                                  
                